# Exported from Wings 3D 1.0.1
mtllib leftfrontthigh.mtl
o Box01
#13 vertices, 13 faces
v 1.68868899 0.27681220 0.94127351
v 1.54611909 7.5187817e-2 0.79870355
v 1.55074573 0.27681226 1.07921672
v 1.40817583 7.5187840e-2 0.93664682
v 1.54611909 0.47843659 0.79870355
v 1.40354908 0.27681220 0.65613365
v 1.40817583 0.47843665 0.93664676
v 1.26560593 0.27681223 0.79407686
v 2.42614102 1.21935940 1.33400595
v 1.94347823 1.21935952 1.81666899
v 2.37167907 1.29638052 1.27954376
v 1.88901603 1.29638052 1.76220679
v 2.28757262 1.44170976 1.67810059
vt 1.5707944e-2 0.54769200
vt 5.3279132e-2 0.58526438
vt 5.3280182e-2 0.51012081
vt 9.0851471e-2 0.54769307
vt 0.22542149 0.35770342
vt 0.23977384 0.37205619
vt 0.36069834 0.98904735
vt 0.36069849 0.96874994
vt 0.39775333 0.38028702
vt 0.44064805 0.97889918
vt 0.44394720 0.55382746
vt 0.44420418 0.59172410
vt 0.46135196 0.33885321
vt 0.48029947 0.55382746
vt 0.48055679 0.59172404
vt 0.52495062 0.38028702
vn 0.49999995 -0.70710662 0.50000027
vn 0.70710671 0.0000000e+0 -0.70710686
vn 0.53933788 -0.64670647 0.53933791
vn 0.59657439 -0.13728808 -0.79072814
vn 0.49999995 -0.70710662 0.50000027
vn 0.70710671 0.0000000e+0 -0.70710686
vn -0.50000016 -0.70710672 -0.49999992
vn 0.49999995 -0.70710662 0.50000027
vn -0.70710686 1.0451821e-7 0.70710671
vn 0.53933788 -0.64670647 0.53933791
vn -0.79072842 -0.13728775 0.59657409
vn 0.49999995 -0.70710662 0.50000027
vn -0.50000016 -0.70710672 -0.49999992
vn -0.70710686 1.0451821e-7 0.70710671
vn -0.49999999 0.70710664 -0.50000021
vn 0.70710671 0.0000000e+0 -0.70710686
vn -0.46875718 0.74868772 -0.46875730
vn 0.59657439 -0.13728808 -0.79072814
vn -0.49999999 0.70710664 -0.50000021
vn 0.70710671 0.0000000e+0 -0.70710686
vn -0.50000016 -0.70710672 -0.49999992
vn -0.49999999 0.70710664 -0.50000021
vn -0.70710686 1.0451821e-7 0.70710671
vn -0.46875718 0.74868772 -0.46875730
vn -0.79072842 -0.13728775 0.59657409
vn -0.49999999 0.70710664 -0.50000021
vn -0.50000016 -0.70710672 -0.49999992
vn -0.70710686 1.0451821e-7 0.70710671
vn 0.53933788 -0.64670647 0.53933791
vn 0.59657439 -0.13728808 -0.79072814
vn 0.59189278 -0.54710700 0.59189262
vn 0.82623211 0.56249006 -3.0747952e-2
vn 0.53933788 -0.64670647 0.53933791
vn -0.79072842 -0.13728775 0.59657409
vn 0.59189278 -0.54710700 0.59189262
vn -3.0749310e-2 0.56249170 0.82623094
vn -0.46875718 0.74868772 -0.46875730
vn 0.59657439 -0.13728808 -0.79072814
vn 0.82623211 0.56249006 -3.0747952e-2
vn -0.38686405 0.83706177 -0.38686405
vn -0.46875718 0.74868772 -0.46875730
vn -0.79072842 -0.13728775 0.59657409
vn -0.38686405 0.83706177 -0.38686405
vn -3.0749310e-2 0.56249170 0.82623094
vn 0.59189278 -0.54710700 0.59189262
vn 0.82623211 0.56249006 -3.0747952e-2
vn -0.38686405 0.83706177 -0.38686405
vn -3.0749310e-2 0.56249170 0.82623094
g Box01_Material #30
usemtl Material #30
f 1/11/1 3/14/8 4/15/12 2/12/5
f 1/11/3 9/9/29 10/16/33 3/14/10
f 2/2/6 6/1/20 5/3/16 1/4/2
f 3/4/9 7/3/23 8/1/28 4/2/14
f 3/4/11 10/6/34 12/5/42 7/3/25
f 4/14/13 8/15/27 6/12/21 2/11/7
f 5/3/18 11/5/38 9/6/30 1/4/4
f 6/11/19 8/14/26 7/15/22 5/12/15
f 7/14/24 12/16/41 11/9/37 5/11/17
f 9/9/31 13/13/45 10/16/35
f 10/8/36 13/10/48 12/7/44
f 11/8/39 13/10/46 9/7/32
f 12/16/43 13/13/47 11/9/40
