# Exported from Wings 3D 1.0.1
mtllib leftrearthigh.mtl
o Box01_sep3
#13 vertices, 13 faces
v 1.68868899 0.27681220 -0.49327338
v 1.54611909 7.5187817e-2 -0.35070342
v 1.55074584 0.27681223 -0.63121665
v 1.40817583 7.5187847e-2 -0.48864666
v 1.54611909 0.47843659 -0.35070342
v 1.40354908 0.27681223 -0.20813344
v 1.40817583 0.47843662 -0.48864666
v 1.26560581 0.27681226 -0.34607670
v 2.42614126 1.21935952 -0.88600582
v 1.94347823 1.21935952 -1.36866891
v 2.37167907 1.29638064 -0.83154368
v 1.88901615 1.29638052 -1.31420672
v 2.28757286 1.44170976 -1.23010051
vt 1.5707944e-2 0.54769200
vt 5.3279132e-2 0.58526438
vt 5.3280182e-2 0.51012081
vt 9.0851471e-2 0.54769307
vt 0.22542149 0.35770342
vt 0.23977384 0.37205619
vt 0.36069834 0.98904735
vt 0.36069849 0.96874994
vt 0.39775333 0.38028702
vt 0.44064805 0.97889918
vt 0.44394720 0.55382746
vt 0.44420418 0.59172410
vt 0.46135196 0.33885321
vt 0.48029947 0.55382746
vt 0.48055679 0.59172404
vt 0.52495062 0.38028702
vn 0.50000000 -0.70710678 -0.49999999
vn 0.70710680 -8.5344229e-17 0.70710676
vn 0.53933797 -0.64670646 -0.53933784
vn 0.59657413 -0.13728777 0.79072839
vn 0.50000000 -0.70710678 -0.49999999
vn 0.70710680 -8.5344229e-17 0.70710676
vn -0.50000002 -0.70710680 0.49999995
vn 0.50000000 -0.70710678 -0.49999999
vn -0.70710667 1.7068842e-16 -0.70710689
vn 0.53933797 -0.64670646 -0.53933784
vn -0.79072844 -0.13728772 -0.59657406
vn 0.50000000 -0.70710678 -0.49999999
vn -0.50000002 -0.70710680 0.49999995
vn -0.70710667 1.7068842e-16 -0.70710689
vn -0.49999982 0.70710688 0.50000005
vn 0.70710680 -8.5344229e-17 0.70710676
vn -0.46875733 0.74868772 0.46875715
vn 0.59657413 -0.13728777 0.79072839
vn -0.49999982 0.70710688 0.50000005
vn 0.70710680 -8.5344229e-17 0.70710676
vn -0.50000002 -0.70710680 0.49999995
vn -0.49999982 0.70710688 0.50000005
vn -0.70710667 1.7068842e-16 -0.70710689
vn -0.46875733 0.74868772 0.46875715
vn -0.79072844 -0.13728772 -0.59657406
vn -0.49999982 0.70710688 0.50000005
vn -0.50000002 -0.70710680 0.49999995
vn -0.70710667 1.7068842e-16 -0.70710689
vn 0.53933797 -0.64670646 -0.53933784
vn 0.59657413 -0.13728777 0.79072839
vn 0.59189256 -0.54710738 -0.59189248
vn 0.82623121 0.56249132 3.0748926e-2
vn 0.53933797 -0.64670646 -0.53933784
vn -0.79072844 -0.13728772 -0.59657406
vn 0.59189256 -0.54710738 -0.59189248
vn -3.0749315e-2 0.56249173 -0.82623092
vn -0.46875733 0.74868772 0.46875715
vn 0.59657413 -0.13728777 0.79072839
vn 0.82623121 0.56249132 3.0748926e-2
vn -0.38686394 0.83706202 0.38686363
vn -0.46875733 0.74868772 0.46875715
vn -0.79072844 -0.13728772 -0.59657406
vn -0.38686394 0.83706202 0.38686363
vn -3.0749315e-2 0.56249173 -0.82623092
vn 0.59189256 -0.54710738 -0.59189248
vn 0.82623121 0.56249132 3.0748926e-2
vn -0.38686394 0.83706202 0.38686363
vn -3.0749315e-2 0.56249173 -0.82623092
g Box01_sep3_Material #30
usemtl Material #30
f 1/4/2 5/3/16 6/1/20 2/2/6
f 1/4/4 9/6/30 11/5/38 5/3/18
f 2/12/5 4/15/12 3/14/8 1/11/1
f 2/11/7 6/12/21 8/15/27 4/14/13
f 3/14/10 10/16/33 9/9/29 1/11/3
f 4/2/14 8/1/28 7/3/23 3/4/9
f 5/12/15 7/15/22 8/14/26 6/11/19
f 5/11/17 11/9/37 12/16/41 7/14/24
f 7/3/25 12/5/42 10/6/34 3/4/11
f 9/7/32 13/10/46 11/8/39
f 10/16/35 13/13/45 9/9/31
f 11/9/40 13/13/47 12/16/43
f 12/7/44 13/10/48 10/8/36
