# Exported from Wings 3D 1.0.1
mtllib rightfrontthigh.mtl
o Box01_sep7
#13 vertices, 13 faces
v -1.58668888 0.27681220 0.94127345
v -1.44411898 7.5187817e-2 0.79870349
v -1.44874573 0.27681226 1.07921660
v -1.30617571 7.5187840e-2 0.93664676
v -1.44411898 0.47843659 0.79870349
v -1.30154896 0.27681220 0.65613353
v -1.30617571 0.47843665 0.93664670
v -1.16360569 0.27681223 0.79407680
v -2.32414126 1.21935940 1.33400595
v -1.84147811 1.21935952 1.81666899
v -2.26967931 1.29638052 1.27954376
v -1.78701603 1.29638052 1.76220691
v -2.18557286 1.44170976 1.67810059
vt 1.5707944e-2 0.54769200
vt 5.3279132e-2 0.58526438
vt 5.3280182e-2 0.51012081
vt 9.0851471e-2 0.54769307
vt 0.22542149 0.35770342
vt 0.23977384 0.37205619
vt 0.36069834 0.98904735
vt 0.36069849 0.96874994
vt 0.39775333 0.38028702
vt 0.44064805 0.97889918
vt 0.44394720 0.55382746
vt 0.44420418 0.59172410
vt 0.46135196 0.33885321
vt 0.48029947 0.55382746
vt 0.48055679 0.59172404
vt 0.52495062 0.38028702
vn -0.49999998 -0.70710666 0.50000019
vn -0.70710678 0.0000000e+0 -0.70710678
vn -0.53933771 -0.64670654 0.53933800
vn -0.59657430 -0.13728818 -0.79072818
vn -0.49999998 -0.70710666 0.50000019
vn -0.70710678 0.0000000e+0 -0.70710678
vn 0.50000003 -0.70710683 -0.49999990
vn -0.49999998 -0.70710666 0.50000019
vn 0.70710649 1.0451827e-7 0.70710708
vn -0.53933771 -0.64670654 0.53933800
vn 0.79072831 -0.13728799 0.59657418
vn -0.49999998 -0.70710666 0.50000019
vn 0.50000003 -0.70710683 -0.49999990
vn 0.70710649 1.0451827e-7 0.70710708
vn 0.49999985 0.70710675 -0.50000019
vn -0.70710678 0.0000000e+0 -0.70710678
vn 0.46875706 0.74868781 -0.46875727
vn -0.59657430 -0.13728818 -0.79072818
vn 0.49999985 0.70710675 -0.50000019
vn -0.70710678 0.0000000e+0 -0.70710678
vn 0.50000003 -0.70710683 -0.49999990
vn 0.49999985 0.70710675 -0.50000019
vn 0.70710649 1.0451827e-7 0.70710708
vn 0.46875706 0.74868781 -0.46875727
vn 0.79072831 -0.13728799 0.59657418
vn 0.49999985 0.70710675 -0.50000019
vn 0.50000003 -0.70710683 -0.49999990
vn 0.70710649 1.0451827e-7 0.70710708
vn -0.53933771 -0.64670654 0.53933800
vn -0.59657430 -0.13728818 -0.79072818
vn -0.59189240 -0.54710734 0.59189268
vn -0.82623211 0.56249006 -3.0747952e-2
vn -0.53933771 -0.64670654 0.53933800
vn 0.79072831 -0.13728799 0.59657418
vn -0.59189240 -0.54710734 0.59189268
vn 3.0748756e-2 0.56249115 0.82623134
vn 0.46875706 0.74868781 -0.46875727
vn -0.59657430 -0.13728818 -0.79072818
vn -0.82623211 0.56249006 -3.0747952e-2
vn 0.38686395 0.83706182 -0.38686405
vn 0.46875706 0.74868781 -0.46875727
vn 0.79072831 -0.13728799 0.59657418
vn 0.38686395 0.83706182 -0.38686405
vn 3.0748756e-2 0.56249115 0.82623134
vn -0.59189240 -0.54710734 0.59189268
vn -0.82623211 0.56249006 -3.0747952e-2
vn 0.38686395 0.83706182 -0.38686405
vn 3.0748756e-2 0.56249115 0.82623134
g Box01_sep7_Material #30
usemtl Material #30
f 1/4/2 5/3/16 6/1/20 2/2/6
f 1/4/4 9/6/30 11/5/38 5/3/18
f 2/12/5 4/15/12 3/14/8 1/11/1
f 2/11/7 6/12/21 8/15/27 4/14/13
f 3/14/10 10/16/33 9/9/29 1/11/3
f 4/2/14 8/1/28 7/3/23 3/4/9
f 5/12/15 7/15/22 8/14/26 6/11/19
f 5/11/17 11/9/37 12/16/41 7/14/24
f 7/3/25 12/5/42 10/6/34 3/4/11
f 9/7/32 13/10/46 11/8/39
f 10/16/35 13/13/45 9/9/31
f 11/9/40 13/13/47 12/16/43
f 12/7/44 13/10/48 10/8/36
