# Exported from Wings 3D 1.0.1
mtllib rightrearthigh.mtl
o Box01_sep5
#13 vertices, 13 faces
v -1.58668888 0.27681220 -0.49327347
v -1.44411898 7.5187817e-2 -0.35070348
v -1.44874573 0.27681223 -0.63121670
v -1.30617571 7.5187847e-2 -0.48864675
v -1.44411898 0.47843659 -0.35070351
v -1.30154896 0.27681223 -0.20813352
v -1.30617571 0.47843662 -0.48864675
v -1.16360569 0.27681226 -0.34607679
v -2.32414150 1.21935952 -0.88600594
v -1.84147823 1.21935952 -1.36866915
v -2.26967931 1.29638064 -0.83154380
v -1.78701603 1.29638052 -1.31420696
v -2.18557310 1.44170976 -1.23010063
vt 1.5707944e-2 0.54769200
vt 5.3279132e-2 0.58526438
vt 5.3280182e-2 0.51012081
vt 9.0851471e-2 0.54769307
vt 0.22542149 0.35770342
vt 0.23977384 0.37205619
vt 0.36069834 0.98904735
vt 0.36069849 0.96874994
vt 0.39775333 0.38028702
vt 0.44064805 0.97889918
vt 0.44394720 0.55382746
vt 0.44420418 0.59172410
vt 0.46135196 0.33885321
vt 0.48029947 0.55382746
vt 0.48055679 0.59172404
vt 0.52495062 0.38028702
vn -0.50000000 -0.70710678 -0.49999999
vn -0.70710682 5.2259113e-8 0.70710674
vn -0.53933783 -0.64670658 -0.53933784
vn -0.59657403 -0.13728787 0.79072844
vn -0.50000000 -0.70710678 -0.49999999
vn -0.70710682 5.2259113e-8 0.70710674
vn 0.50000007 -0.70710679 0.49999992
vn -0.50000000 -0.70710678 -0.49999999
vn 0.70710663 1.7068843e-16 -0.70710693
vn -0.53933783 -0.64670658 -0.53933784
vn 0.79072832 -0.13728795 -0.59657418
vn -0.50000000 -0.70710678 -0.49999999
vn 0.50000007 -0.70710679 0.49999992
vn 0.70710663 1.7068843e-16 -0.70710693
vn 0.49999982 0.70710688 0.50000003
vn -0.70710682 5.2259113e-8 0.70710674
vn 0.46875719 0.74868778 0.46875719
vn -0.59657403 -0.13728787 0.79072844
vn 0.49999982 0.70710688 0.50000003
vn -0.70710682 5.2259113e-8 0.70710674
vn 0.50000007 -0.70710679 0.49999992
vn 0.49999982 0.70710688 0.50000003
vn 0.70710663 1.7068843e-16 -0.70710693
vn 0.46875719 0.74868778 0.46875719
vn 0.79072832 -0.13728795 -0.59657418
vn 0.49999982 0.70710688 0.50000003
vn 0.50000007 -0.70710679 0.49999992
vn 0.70710663 1.7068843e-16 -0.70710693
vn -0.53933783 -0.64670658 -0.53933784
vn -0.59657403 -0.13728787 0.79072844
vn -0.59189243 -0.54710749 -0.59189251
vn -0.82623121 0.56249132 3.0748926e-2
vn -0.53933783 -0.64670658 -0.53933784
vn 0.79072832 -0.13728795 -0.59657418
vn -0.59189243 -0.54710749 -0.59189251
vn 3.0749081e-2 0.56249182 -0.82623087
vn 0.46875719 0.74868778 0.46875719
vn -0.59657403 -0.13728787 0.79072844
vn -0.82623121 0.56249132 3.0748926e-2
vn 0.38686374 0.83706211 0.38686363
vn 0.46875719 0.74868778 0.46875719
vn 0.79072832 -0.13728795 -0.59657418
vn 0.38686374 0.83706211 0.38686363
vn 3.0749081e-2 0.56249182 -0.82623087
vn -0.59189243 -0.54710749 -0.59189251
vn -0.82623121 0.56249132 3.0748926e-2
vn 0.38686374 0.83706211 0.38686363
vn 3.0749081e-2 0.56249182 -0.82623087
g Box01_sep5_Material #30
usemtl Material #30
f 1/11/1 3/14/8 4/15/12 2/12/5
f 1/11/3 9/9/29 10/16/33 3/14/10
f 2/2/6 6/1/20 5/3/16 1/4/2
f 3/4/9 7/3/23 8/1/28 4/2/14
f 3/4/11 10/6/34 12/5/42 7/3/25
f 4/14/13 8/15/27 6/12/21 2/11/7
f 5/3/18 11/5/38 9/6/30 1/4/4
f 6/11/19 8/14/26 7/15/22 5/12/15
f 7/14/24 12/16/41 11/9/37 5/11/17
f 9/9/31 13/13/45 10/16/35
f 10/8/36 13/10/48 12/7/44
f 11/8/39 13/10/46 9/7/32
f 12/16/43 13/13/47 11/9/40
